16392     
4277      
26835     
33252     
24639     
10559     
26162     
17929     
34294     
2436      
16985     
28502     
27948     
15950     
6542      
17723     
16382     
6377      
12502     
13371     
18137     
8166      
24181     
26654     
25010     
30376     
5419      
31133     
28225     
22868     
27747     
17287     
23341     
45069     
35216     
12317     
32520     
24636     
12090     
48333     
28648     
22310     
28824     
49574     
13560     
34618     
16815     
27967     
15824     
3363      
14154     
47170     
13241     
18033     
41232     
18204     
13322     
17468     
26605     
16739     
32664     
27343     
12866     
18093     
26174     
14780     
18196     
12548     
14955     
11101     
17818     
14487     
34619     
11131     
34802     
16655     
11911     
18384     
47739     
32658     
18365     
26878     
16654     
14306     
31020     
35998     
47373     
18023     
12707     
47372     
18611     
17631     
11757     
31777     
46656     
14781     
13020     
3281      
15196     
17201     
7738      
11337     
32452     
29497     
48493     
48492     
15057     
1064      
33992     
14066     
31673     
30498     
32549     
10429     
31193     
17396     
10673     
10833     
33163     
17677     
3120      
8163      
15858     
34904     
31088     
19670     
33181     
34690     
15000     
26708     
21236     
31386     
3141      
11174     
50583     
29997     
35555     
50584     
31441     
29496     
22102     
30229     
31259     
12964     
11972     
47781     
26328     
14753     
48047     
31229     
15524     
29725     
11333     
47308     
7103      
11492     
31990     
18259     
11300     
9926      
19815     
16482     
50904     
32983     
14678     
20699     
26277     
11621     
12875     
3897      
14310     
2203      
12189     
26861     
36010     
11759     
27097     
14681     
3896      
12871     
996       
18473     
50935     
34689     
17265     
33895     
31738     
11073     
31280     
12299     
32644     
34070     
30064     
15616     
33178     
33991     
18296     
11873     
3937      
23853     
3152      
12348     
11843     
13296     
16353     
3078      
11808     
17753     
34683     
15538     
14313     
15953     
11327     
21884     
27376     
23285     
28559     
49589     
12698     
31687     
11606     
15452     
31867     
21122     
21123     
50933     
49985     
50418     
23277     
25361     
27752     
13428     
11877     
23266     
23265     
49984     
48193     
34607     
10954     
14216     
10459     
31917     
11760     
50299     
3142      
12168     
30047     
11947     
31422     
31178     
50520     
25136     
19573     
10994     
31824     
3107      
16559     
33475     
47394     
32705     
1023      
14944     
17490     
16828     
11767     
25453     
31791     
33672     
23681     
25426     
25424     
11784     
11304     
10        
11369     
11021     
24910     
25811     
14577     
11171     
47501     
47500     
30010     
11755     
13809     
5448      
13726     
5792      
2546      
11066     
17465     
4543      
35568     
10590     
30940     
11908     
50613     
35788     
10036     
12366     
16368     
8195      
3280      
32082     
10524     
17023     
14664     
14665     
48743     
12720     
16425     
17988     
11138     
27598     
8086      
27030     
5836      
50614     
11817     
32523     
30144     
19873     
13486     
34081     
7040      
12718     
12170     
18076     
18431     
31038     
14492     
21862     
19809     
31177     
25685     
12103     
14941     
13311     
18430     
16984     
17940     
7512      
8568      
14899     
35097     
18009     
18029     
15312     
2495      
16990     
2423      
1627      
30548     
15441     
3912      
32548     
50524     
17266     
1857      
50060     
35591     
16513     
